638681728048070656
638696273894375424
638707875263684608
638728009680330753
638744384834535424
638748681102065669
638766593338646528
638767682335174656
638776638713524229
638786314645696513
638787680038461441
638788145799143424
638791752846049280
638797651924910080
638814821530632192
638825083587334146
638830613877751813
638835425793040389
638860087315009536
638863804584062977
638888322920763396
638956363692044288
639010968194940928
639058651496456192
639073472984055808
639112298817302529
639133651985412096
639136338793627648
639136664170950656
639156231173709824
639159363878416384
639161401022488576
639173150505308160
639421033288704000
639429355119243264
639431638464733184
639484925624852484
639485593366462464
639485757221175296
639488018882166784
639496993887285248
639499902947561473
639504098333716480
639510184008765440
639513028862586880
639538191364681728
639539149285031938
639553962920812546
639557740705226752
639615843337375744
639672312724369408
639700770179424256
639710317208059904
639755303077199872
639792903200616448
639826434865922048
639846830424113152
639888979333152768
639900180725149696
639901292287143937
639901650417778688
639920063227760640
639940171337703424
640062672860499968
640077515021787136
640112271574867968
640123137707888640
640146589722542080
640149312014561280
640193011092180992
640200209922936832
640206740940824576
640213544173182977
640218766299799553
640221095753318400
640221466114564096
640222217998061569
640230141524885504
640234969697271809
640242650449362944
640258668852838402
640261907740532736
640275456286150656
640284746740813824
640296967671795712
640332627598295040
640352095254786049
640410973996756992
640477257102946304
640486458101514240
640504908089827328
640520606677639172
640528297030512640
640532141185597440
640538400840396804
640552384096243712
640556108705320960
640558267761082368
640564711218638848
640565508505477121
640572786310840320
640574021856296960
640584027376877568
640619843725721601
640624232939040768
640624381396434944
640625425971060736
640625511761317889
640626414253965312
640627215248531462
640632170973929472
640642063168618496
640720023837872128
640798829332332544
640801732663091200
640837764058103808
640912607130591232
640926460316917760
640942735294373888
640944159109595136
640947516100485120
640970038518915072
640981198915915776
640982338277613568
640983046368456707
640987348939984896
640988534447472640
640988819551076352
640989244824125440
640990619725365248
640991367930474496
641001625503535104
641050774177452032
641056370574405632
641125256858599425
641213333161512960
641236292802621440
641237033759981568
641243799545626624
641268276757155840
641296222595252224
641297161192386560
641314036773191680
641318075552432128
641342170750808065
641342647148281856
641347246550749185
641347593792974848
641349923577794561
641350709720428544
641350908375240704
641352143954296832
641352899679797248
641354477002297344
641368542944841728
641374230651740161
641389654764298240
641391543836934144
641406374296047617
641432911674245121
641443125563682816
641446562447663104
641451324731752448
641454102057234432
641456049590009856
641494258164334592
641532855345115137
641546163112570880
641565470349492224
641582916284366848
641613785061564416
641617501177122816
641622040689176577
641625655554260992
641630708134449152
641635487661334528
641637598134448132
641661479700316160
641671184627671040
641682969485312000
641695996712456192
641712882607112192
641713410141474816
641738275246481408
641753265168871424
641775785913786368
641781926362279936
641803243580968960
641906730532753411
641951593382940672
641953350687305728
641968025449668608
641978081423568896
641983128953847808
641985942929174528
641994567659728896
642003070340231168
642004065170391040
642009110335102976
642018415050362880
642020024132235264
642020520515530752
642025372050194432
642030646827839488
642036499270254593
642058558230671360
642073097785470976
642102006136573952
642135787941797889
642291244866080768
642304285716414464
642320469228580865
642334107800875008
642353889413607424
642363921358319616
642367917951217665
642372586719047680
642373429115650048
642380208931254272
642394611428786176
642396247211536384
642402992478621696
642403140357238784
642405100225478656
642411904267382784
642412646881468416
642414605181059074
642416135414116352
642425923267076096
642441715522084864
642442316553306112
642453029510361089
642468914174263296
642488516287574016
642502731480104960
642537508153245696
642629536497201152
642642674152022016
642659429184327680
642667702717431808
642694297507229696
642700276655345664
642703440255258624
642704400125968385
642721083746070529
642724843394330624
642726798422351872
642727655436103680
642727935477161984
642728409236406273
642728624882327552
642759291179507712
642759812367941632
642760467052654592
642761097116844032
642761229707120640
642763598255755264
642764444943163393
642767013098717185
642770181832470528
642776140730515456
642804206185938946
642804310359822337
642804702359474179
642804847734038529
642827059132284928
642872502180552705
642903451463249920
642915414847172608
642919094182936576
642929812844232704
642969164429303808
642978391902277632
642986275436367872
643021840286396416
643025239673339904
643025596059156480
643064362173878272
643064512309018624
643096489217159168
643102140538482688
643121260889796608
643126733953212416
643132987979206656
643133974232084480
643135531723948033
643139616615342081
643142486760816641
643145741653946369
643146848174276610
643151727781408768
643158147021045760
643166101665394688
643166161249652736
643189611620077568
643192645821571072
643206126654373888
643233062176845825
643255296811470852
643256422562668545
643261392519319552
643271673840553984
643372971134976001
643402157023186944
643459807320666112
643476315094548481
643486720693018624
643522984167231488
643598691744522240
643620728059895808
643630973716963328
643695277543694336
643696670400729088
643780911222403072
643828995155492864
643851522535739392
643853910353031169
643859385324826624
643870945459965953
643874970578350081
643879407514288128
643883898334769152
643885708629946369
643889313323872257
643892826363817984
643893459930214400
643956818016927744
643957722132684805
643968067593240576
644005912533929984
644008256315228160
644060758515535872
644112122935422976
644112587043549184
644134923620716544
644143606534684672
644150087078277120
644174931073331200
644175410801037312
644187882098413568
644190277079552000
644214086109110272
644233922176532481
644248398892244992
644252208373080064
644252468193443840
644253873780228096
644263160841699328
644273841691299841
644308261773135872
644323389839175680
644419603859394560
644426132171976704
644498567403577344
644518896784011264
644524019828568064
644529479294042112
644540581973065729
644558283223748608
644573673966436361
644585002483752961
644590587186933760
644594811366993920
644594984952291328
644616670032592896
644618275771523073
644683902070730752
644780145384030208
644810149526421504
644836360134729728
644857053329158144
644864185998946304
644866912145555456
644886479190249472
644897799889362944
644917369832349696
644925515434983424
644942908014071809
644949071468318722
644978937190334464
644981548526268420
645055887766364160
645173621749600257
645193146478010368
645231423608258560
645232845359853568
645236945694629889
645241936085942273
645246253266272256
645272192414945284
645287081971982336
645315670687793152
645335857961025536
645367784629735424
645408910975856641
645423512312803328
645470698903859200
645581408929480704
645591683636330496
645596008559341568
645599281479553024
645600575242027009
645605272485011456
645606780899340288
645610027441647616
645620860422868992
645620978274410496
645623495762776064
645625294129381376
645630720350797824
645649677841473537
645663890026663936
645670000418791425
645670256728494080
645671718263091200
645674389615341569
645679398788694016
645685814861660161
645687594056089600
645687896234700800
645697418869129220
645701437784133632
645703306778513408
645704667834376192
645707357645725696
645732809693392896
645754250908311552
645754658313646081
645756973582012416
645756985510637568
645767358775185408
645770656555106304
645773601547939840
645779482339594240
645783801688408065
645786326894268416
645788288939331584
645792574851125248
645793011943796737
645802294206930944
645857294291464192
645859125625286656
645922387301675008
645956501195124736
645979979008843777
646018072839606273
646048899426316288
646120326317895681
646300064617484288
646359199782449152
646377508229746688
646385268187074560
646397967507828737
646405056460365825
646424791147245568
646572471378923520
646580733906190336
646586647631515648
646643176137195520
646652358504660992
646655989324861441
646679571627143168
646691634915229696
646696387971821568
646703606910033920
646704629754036224
646709498728611840
646715889728004096
646728507909906432
646775402451505153
646792084515491841
646792474849992704
646799092014837761
646801463197495300
646939800948355072
647000544893136896
647042630547804160
647054275550539776
647067014230614017
647092286866784256
647100971466760192
647552556231729152
647741242449752064
647783253659795456
647820370473525248
647839491504361472
647933931451510785
648045461354487808
648219707347177472
648421985136082944
648485022081646592
648551747951177728
648555520576630784
648582578828611584
648588269307985920
648588403529920512
648840870494609408
648877135462055936
648965525234655232
648987778039062528
648996250109517824
649040353161531392
649202070189441024
649206926522347520
649266839797792768
649303449247555585
649313318482628609
649328883855151104
