638681728446500864
638686369984978944
638696273135181824
638707877318946816
638728010410119168
638744383790125056
638748683937447936
638749372684062720
638751097109221376
638758439490031616
638764391459082240
638764486510419968
638764483100438528
638766597646217220
638776641439854592
638786318135369728
638787681128943616
638788145782370306
638791755207454720
638814824449884167
638825089643868160
638830618415988736
638835428246720512
638863804286246912
638867765785460737
638871981643943936
638888326624321536
638956366112157696
639058652490530816
639112300553748480
639133657039568896
639136350042783744
639136666951749632
639159362653712385
639161410727972864
639173154615726083
639429353336668161
639485756323561472
639504101278093313
639513032629067776
639538192794914816
639553960412598272
639555525408124928
639557739740569601
639700769961340928
639710316708917248
639755303479812096
639792900918910976
639826437617397761
639888982181052416
639901651931918336
639902758657748992
639920061839482880
640112269687451648
640123142619418624
640146589017866240
640149310315872256
640182733931679745
640193014275702784
640200210128478208
640206739305054208
640209263990849536
640213541828608001
640214284253954052
640218768665374720
640220787954294784
640221097967898625
640221464734605312
640222485275918337
640230139364818944
640234967629438976
640242653846732800
640258667007356928
640261620950794240
640296970435870720
640332634179002369
640352098924802048
640364553604308992
640411498414743552
640477259699195904
640486456700575744
640504907729084416
640520606774132736
640532144620728322
640538398076313601
640552387359428608
640556110567591937
640558268302163968
640559511569334272
640564714171432962
640574003367780352
640583809919000578
640584033118908416
640584076081123328
640624237473071104
640624384957415424
640626235798855680
640628168882323456
640645452363341824
640720026371272705
640798828560519168
640801320585314304
640801731094425600
640912604148465664
640926463059992576
640942733381758976
640947519602749440
640970040469266432
640981196730691584
640982341020708865
640983046729138176
640987351574020101
640988533726031872
640989243301588992
640999732366692352
641001625289687040
641056372747055106
641115408121077760
641122253451730944
641125259446501376
641153346917781504
641236292576104448
641237039850123264
641243799264567296
641250063210164224
641296224629452800
641314038484439040
641315905545347077
641318076735188992
641342648041627648
641347599560110080
641349920696340480
641349992754491393
641350009397510144
641350155095031812
641350706251730944
641354488331177984
641360316593389568
641368544756781060
641391548488355840
641406377014001664
641451327877419008
641476333151854592
641532855663915008
641546162533728256
641565469913300992
641567832568893440
641582916376633344
641613787032907776
641617504666828801
641622352112025600
641625659756969984
641635490836402176
641637598851649536
641661482565009408
641671087865102336
641682705575505920
641695995605184514
641704473816121344
641712878089846784
641714513360855040
641781928962752512
641832520011673600
641906734454427648
641951595601731584
641953351173844992
641968028264046593
641978085169082368
641983131508150272
642003072022093824
642004070291623936
642009110154756096
642015408640401410
642018414505132036
642020028087443456
642020522159640576
642025375212699648
642058558570393600
642073101744893953
642102016920133632
642135791200772096
642304288480477186
642320473334939648
642334110808174593
642353892324442112
642363920158720000
642367920845254656
642372592209412097
642373433142169600
642380208763457536
642394612733222912
642396248738242561
642402997612449794
642405102133870592
642411907018805248
642441718995021824
642442319258644480
642488517927563264
642502297340243968
642502735418531840
642537506492260352
642629538426527744
642642672545591296
642651247850455040
642656302863417344
642659431348576256
642667704088952832
642670289453719554
642694300833312768
642721085117566979
642723431394471936
642724845244035072
642726801232515072
642727655163490308
642727932704784384
642728628170661888
642759813907259392
642760470336786432
642763600331935744
642767016848412673
642770184265170944
642776144681508864
642795669862879232
642804209994350592
642804313849528320
642804701323468802
642805524803776512
642827063339163649
642903451861708800
642915418429091840
642919097055977472
642929812701642752
642969164018249732
642978392405618688
642986628378685440
642987264503599104
643021839506219008
643025243527847936
643060982076547072
643064369098719233
643096487405207552
643121264173948928
643126740487905280
643132990663585792
643133977230970880
643135529647783936
643139619979153408
643142489050906624
643145745630150656
643146851529687040
643151731287814144
643158149311143937
643167163717668864
643192647264415744
643206130118852608
643233060453019648
643253181582024704
643253519399669760
643254045197602816
643256429181313024
643257825133752321
643261485309894656
643263206929092608
643271680068943872
643372973022420992
643393144504066048
643398735838486528
643402159703388160
643426553481854976
643459808474099712
643522986276950017
643525680081338372
643583304025960448
643598695116767232
643630977311502336
643696668416843776
643780912740737025
643782112957595649
643791956745785344
643828998305415168
643853912743788544
643859388684484608
643870944193347585
643874974613262339
643874974927843328
643879414602686464
643883901543444480
643885708541865984
643890795104337920
643893463088545792
643968071850414080
644060761141170176
644104144916234240
644112587920175104
644134923566227456
644143609554583553
644177709250277376
644233924802179072
644248398741282816
644263160589983744
644273843188690944
644323393395933184
644426130448084992
644498570276696064
644518896133894144
644524021892161537
644540584401707008
644558283223756804
644585003624591360
644594809789882368
644594992242163712
644616671517388800
644619599896551424
644685004333780992
644780148336762881
644793607493394433
644810152286269440
644857053727600641
644864183767580672
644866916457279488
644897802523398144
644925520354910208
644942908198678528
644949076887388160
644978962117099520
645149707086508032
645173625423810560
645193149397209088
645193829965000704
645231426196140032
645246250980405248
645287084392062976
645299018516594688
645315672034177024
645335861060632576
645400434237153280
645408913769238528
645423516205084672
645470700782882816
645581412603686912
645596012682313728
645605275018334208
645606780467290112
645619458728415232
645620861509238784
645620980824600577
645623293320536065
645630723651694592
645632804898930688
645649674779652096
645663709138919424
645670002692108288
645670261744865280
645671722788737024
645673490260062208
645674393297911808
645685817990627330
645687893839773697
645697423617060864
645701447460327424
645703308103974912
645704673211510786
645754254163099648
645754659261517824
645756976014749696
645756988694110208
645767362181005316
645770660879446016
645771463245611008
645773603267563521
645779482180210689
645783802829250560
645786079816216576
645786329196924929
645788293632774144
645792578219188224
645793013801861121
645795212099485696
645922391625998336
645956507977293829
646018076652257280
646048903465443333
646120327467110400
646300062809767936
646359202101919744
646377506447183874
646385266492579840
646397967419764736
646405058532409344
646421158850658304
646424793928048640
646489664069726208
646571184734269440
646586651117006848
646643180323139584
646679574059876352
646696391193051136
646703608986255361
646704189100457985
646709501983330304
646713884414492673
646715889107267584
646728511412113415
646767636353822720
646775405353959424
646792088688787456
646799092639776768
646801464418017280
646939798716989440
